<!DOCTYPE html>
<html>
<head>
<meta charset="UTF-8">
<title>Insert title here</title>
</head>
<body>
------------------------------------------<br>

<pre>
1  2  3  4  5  6  7  8  9
2  4  6  8 10 12 14 16 18
3  6  9 12 15 18 21 24 27
4  8 12 16 20 24 28 32 36
5 10 15 20 25 30 35 40 45 
6 12 18 24 30 36 42 48 54
7 14 21 28 35 42 49 56 63
8 16 24 32 40 48 56 64 72
9 18 27 36 45 54 63 72 81
</pre>
------------------------------------------<br>
<table border>
<tr>
	<th> </th>
	<th>1</th>
	<th>2</th>
	<th>3</th>
	<th>4</th>
	<th>5</th>
	<th>6</th>
	<th>7</th>
	<th>8</th>
	<th>9</th>
</tr>
<tr>
	<th>1</th>
	<td>1</td>
	<td>2</td>
	<td>3</td>
	<td>4</td>
	<td>5</td>
	<th>6</td>
	<th>7</td>
	<th>8</td>
	<th>9</td>
</tr>
<tr>
	<th>2</th>
	<td>2</td>
	<td>4</td>
	<td>6</td>
	<td>8</td>
	<td>10</td>
	<th>12</td>
	<th>14</td>
	<th>16</td>
	<th>18</td>
</tr>
<tr>
	<th>3</th>
	<td>3</td>
	<td>6</td>
	<td>9</td>
	<td>12</td>
	<td>15</td>
	<th>18</td>
	<th>21</td>
	<th>24</td>
	<th>27</td>
</tr>
<tr>
	<th>4</th>
	<td>4</td>
	<td>8</td>
	<td>12</td>
	<td>16</td>
	<td>20</td>
	<th>24</td>
	<th>28</td>
	<th>32</td>
	<th>36</td>
</tr>
<tr>
	<th>5</th>
	<td>5</td>
	<td>10</td>
	<td>15</td>
	<td>20</td>
	<td>25</td>
	<th>30</td>
	<th>35</td>
	<th>40</td>
	<th>45</td>
</tr>
<tr>
	<th>6</th>
	<td>6</td>
	<td>12</td>
	<td>18</td>
	<td>24</td>
	<td>30</td>
	<th>36</td>
	<th>42</td>
	<th>48</td>
	<th>54</td>
</tr>	
<tr>
	<th>7</th>
	<th>7</td>
	<td>14</td>
	<td>21</td>
	<td>28</td>
	<td>35</td>
	<td>42</td>
	<th>49</td>
	<th>56</td>
	<th>63</td>
</tr>	
<tr>
	<th>8</th>
	<td>8</td>
	<td>16</td>
	<td>24</td>
	<td>32</td>
	<td>40</td>
	<th>48</td>
	<th>56</td>
	<th>64</td>
	<th>72</td>
</tr>
<tr>
	<th>9</th>
	<td>9</td>
	<td>18</td>
	<td>27</td>
	<td>36</td>
	<td>45</td>
	<th>54</td>
	<th>63</td>
	<th>72</td>
	<th>81</td>
</tr>			
</table>
------------------------------------------<br>

</body>
</html>
